25
0 0.50 1 0 0
0 0.50 2 0 0
0 1.50 2 1 8
0 2.00 3 0 0
0 3.50 2 0 0

26
1 0.75 1 0 0
1 0.75 3 0 0
1 1.50 2 1 10
1 2.50 2 1 12
1 3.00 3 1 10

27
2 0.25 3 0 0
2 0.75 2 0 0
2 1.50 3 1 9
2 2.00 1 0 0
2 2.50 1 1 8
2 3.75 3 0 0

28
3 0.75 2 0 0
3 1.50 2 1 6
3 2.25 1 0 0
3 2.25 3 0 0
3 2.50 2 1 8
3 3.00 3 1 6
3 3.50 3 1 4
3 3.75 2 0 0

29
4 0.00 1 1 3
4 1.25 2 0 0
4 1.25 3 0 0
4 1.50 3 1 8
4 2.75 1 0 0

30
5 0.25 2 0 0
5 0.25 3 0 0
5 0.50 3 1 8
5 1.00 2 1 8
5 2.00 1 0 0
5 2.00 2 0 0
5 3.50 3 0 0
5 3.50 3 1 8

31
6 0.75 2 0 0
6 2.50 3 1 8
6 3.25 3 0 0

32
7 0.25 1 0 0
7 0.75 2 0 0
7 1.00 1 1 8
7 2.00 1 1 8
7 2.25 3 0 0
7 3.75 2 0 0

33
8 1.00 2 1 8
8 2.50 2 1 8
8 3.00 2 0 0
8 3.00 3 0 0

34
9 1.00 1 1 8
9 1.00 2 0 0
9 1.00 3 2 0
9 2.25 3 0 0
9 2.50 2 1 8
9 2.75 1 0 0
9 3.50 3 1 8

35
10 0.00 3 1 8
10 0.25 2 0 0
10 1.50 3 0 0
10 2.25 1 0 0
10 3.00 2 1 8

36
11 0.00 2 0 0
11 0.50 3 1 8
11 2.50 1 1 8

37
12 0.25 2 0 0
12 0.50 3 1 8
12 1.75 1 0 0
12 1.75 3 0 0
12 3.00 1 1 8
12 3.75 2 0 0

38
13 0.50 1 1 8
13 1.25 3 0 0
13 1.50 2 1 8
13 2.25 1 0 0
13 2.50 3 1 10
13 3.00 2 1 8

39
14 0.00 2 0 0
14 0.50 1 0 0
14 1.50 2 1 8
14 2.00 2 0 0
14 2.00 3 0 0
14 2.50 2 1 8
14 3.50 1 0 0

40
15 0.75 3 0 0
15 1.00 2 1 10
15 1.25 3 2 0
15 2.00 3 1 12
15 2.25 2 0 0
15 3.00 3 1 10
15 3.50 3 0 0

41
16 0.00 1 0 0
16 0.00 2 1 8
16 1.75 2 0 0
16 1.75 3 0 0
16 2.50 3 1 9
16 3.00 2 0 0

42
17 0.75 1 0 0
17 0.75 2 0 0
17 1.00 1 1 9
17 2.25 3 0 0
17 2.50 3 1 8
17 3.50 3 1 6

43
18 0.00 1 1 4
18 0.75 3 0 0
18 2.25 2 0 0
18 2.75 1 0 0
18 3.50 3 1 1

44
19 0.00 2 0 0
19 0.00 2 1 2
19 1.00 1 1 3
19 1.50 3 0 0
19 3.00 2 0 0
19 3.50 2 1 4

45
20 0.00 1 1 6
20 1.50 3 1 6
20 1.50 1 0 0
20 1.90 2 0 0
20 3.25 3 0 0
20 3.10 1 2 0
20 3.80 1 0 0

46
21 0.00 2 1 6
21 0.75 2 1 8
21 1.25 3 0 0
21 1.50 2 1 8
21 1.50 2 0 0
21 3.00 1 0 0
21 3.50 3 1 9
21 3.75 2 1 10

47
22 0.00 1 1 12
22 3.25 2 0 0

48
23 0.00 2 1 12
23 0.25 1 0 0
23 0.75 1 1 10
23 0.75 3 0 0
23 1.50 3 1 9
23 2.00 1 1 10
23 2.25 2 0 0
23 2.75 3 1 9
23 3.00 1 2 0

49
24 0.00 1 0 0
24 0.50 2 0 0
24 1.00 1 1 8
24 1.33 2 1 6
24 1.66 3 1 8
24 2.00 2 1 10
24 2.75 2 0 0
24 2.75 3 0 0

50
25 0.40 1 0 0
25 1.00 1 1 8
25 1.33 2 1 6
25 1.66 3 1 8
25 2.00 2 1 10
25 2.75 2 0 0
25 3.00 3 1 8

51
26 0.25 1 0 0
26 0.25 3 0 0
26 1.00 3 1 2
26 1.33 2 1 3
26 1.66 1 1 4
26 2.25 2 0 0
26 2.75 1 0 0
26 3.00 1 1 3
26 3.50 3 0 0

52
27 0.75 2 0 0
27 1.00 1 1 2
27 1.33 2 1 3
27 1.50 3 0 0
27 1.66 3 1 4
27 2.25 1 0 0
27 3.00 2 1 3
27 3.50 2 0 0

53
28 0.00 3 2 0
28 0.75 1 0 0
28 0.75 3 0 0
28 1.00 3 1 2
28 2.00 3 1 3
28 2.25 2 0 0
28 2.25 3 0 0
28 3.00 3 1 4
28 3.50 1 0 0

54
29 1.00 3 1 3
29 1.75 2 0 0
29 2.00 3 1 4
29 3.00 1 1 6
29 3.75 1 0 0

55
30 1.00 1 1 4
30 1.25 2 0 0
30 1.75 3 0 0
30 2.00 1 1 6
30 2.66 1 1 3
30 3.00 3 2 0
30 3.33 1 0 0

56
31 0.00 3 1 6
31 0.75 1 0 0
31 0.75 3 0 0
31 1.00 1 1 8
31 2.00 2 1 9
31 2.25 1 0 0
31 2.25 2 0 0
31 3.00 3 1 10
31 3.75 3 0 0

57
32 0.00 2 0 0
32 1.00 1 1 2
32 1.75 1 0 0
32 2.00 1 1 3
32 2.75 2 0 0
32 3.00 1 1 4

58
33 0.25 3 0 0
33 1.00 1 1 1
33 2.00 1 1 6
33 2.25 2 0 0
33 3.00 3 1 8
33 3.50 3 0 0

59
34 0.25 1 0 0
34 0.75 2 0 0
34 1.00 1 1 8
34 2.00 3 1 10
34 2.25 3 0 0
34 3.00 2 1 9
34 3.20 1 2 0

60
35 0.00 2 1 9
35 0.60 2 1 9
35 1.50 1 1 10
35 2.50 3 1 9
35 3.00 2 1 8

61
36 0.25 3 0 0
36 1.00 1 0 0
36 1.50 2 0 0
36 3.00 3 0 0
36 3.50 2 0 0

62
37 1.00 1 0 0
37 1.25 2 0 0
37 2.75 3 0 0
37 3.25 2 0 0

63
38 0.00 2 2 0
38 0.75 2 0 0
38 2.00 1 0 0
38 2.25 2 0 0
38 3.75 3 0 0

64
39 1.00 1 0 0
39 1.00 2 0 0
39 2.50 3 0 0
39 3.25 2 0 0

65
40 0.75 1 0 0
40 0.75 3 0 0
40 2.00 2 0 0
40 2.50 1 0 0
40 3.50 3 0 0

66
41 0.25 2 0 0
41 1.25 3 2 0
41 1.75 1 0 0
41 3.00 3 0 0
41 3.25 2 0 0

67
42 0.50 1 0 0
42 1.75 2 0 0
42 2.20 1 2 0
42 2.50 2 1 1
42 3.00 1 0 0

68
43 0.00 3 0 0
43 0.50 2 0 0
43 2.00 1 0 0
43 2.50 2 0 0
43 2.50 3 1 1
43 3.00 3 1 1

69
44 0.25 3 0 0
44 1.00 1 0 0
44 1.50 2 0 0
44 2.75 3 0 0
44 3.00 1 2 0

70
45 0.25 1 0 0
45 0.25 2 0 0
45 2.00 3 0 0
45 3.00 1 0 0

71
46 0.00 2 0 0
46 1.00 2 2 0
46 1.75 1 0 0
46 2.00 1 1 3
46 2.50 2 1 4
46 2.75 3 0 0
46 3.00 3 1 6
46 3.25 2 0 0

72
47 0.00 3 1 8
47 1.00 2 1 6
47 1.25 1 0 0
47 1.50 1 1 4
47 2.00 2 1 6
47 3.25 2 0 0
47 3.30 3 2 0

73
48 0.00 3 1 12
48 0.50 2 1 10
48 0.75 3 0 0
48 2.00 3 1 12
48 2.50 2 1 10
48 3.00 3 0 0
48 3.50 2 0 0

74
49 0.00 3 1 12
49 1.00 3 1 10
49 1.00 1 0 0
49 1.50 2 1 9
49 2.00 1 1 8
49 3.60 2 2 0

75
50 0.50 2 0 0
50 1.75 1 0 0
50 2.00 1 1 8
50 2.25 2 1 9
50 2.50 3 1 10
50 2.75 2 1 9
50 3.00 1 1 8
50 3.50 3 1 6

76
51 1.00 3 0 0
51 1.75 1 2 0
51 2.00 3 1 4
51 2.25 2 1 6
51 2.50 1 1 8
51 2.75 2 1 6
51 3.00 3 1 4
51 3.00 1 0 0
51 3.50 1 1 3

77
52 0.50 1 1 1
52 1.40 3 1 2
52 1.75 2 0 0
52 2.00 2 1 3
52 2.66 3 1 4
52 3.50 1 1 3

78
53 0.00 3 0 0
53 0.50 2 1 3
53 0.75 1 0 0
53 1.00 1 1 4
53 1.25 2 0 0
53 2.00 3 1 6
53 2.66 3 1 8
53 3.25 1 0 0
53 3.50 1 1 6
53 3.75 3 0 0

79
54 1.75 2 0 0

80
55 1.50 3 2 0
55 2.25 3 0 0
55 3.75 1 0 0
55 3.75 2 0 0

81
56 0.00 2 1 2
56 1.00 2 1 2
56 2.00 2 1 2
56 3.00 1 1 2
56 3.50 3 1 6

82
57 0.00 2 1 2
57 0.75 1 0 0
57 1.00 2 1 2
57 1.75 2 0 0
57 2.00 2 1 2
57 3.00 3 1 2
57 3.50 1 1 6
57 3.75 3 0 0

83
58 0.00 1 1 2
58 0.25 2 0 0
58 1.00 2 1 2
58 2.00 2 1 2
58 2.75 3 0 0
58 3.00 2 1 2
58 3.50 3 1 6

84
59 0.00 1 1 2
59 0.25 2 0 0
59 1.00 2 1 2
59 2.00 3 0 0
59 3.00 1 0 0
59 3.75 3 2 0

85
60 0.00 3 1 9
60 0.25 1 0 0
60 0.50 3 1 9
60 1.00 2 1 9
60 1.40 3 1 8
60 1.75 2 0 0
60 1.75 3 0 0
60 3.00 1 0 0

86
61 0.00 3 1 9
61 0.50 3 1 9
61 1.00 3 1 9
61 1.50 2 1 8
61 2.75 2 0 0
61 3.00 3 1 6
61 3.50 2 1 8

87
62 0.00 1 1 9
62 0.50 1 1 9
62 1.00 1 1 9
62 1.50 2 1 8
62 2.00 1 0 0
62 3.00 1 1 6
62 3.25 2 0 0
62 3.50 3 1 8

88
63 0.00 2 1 9
63 0.25 2 1 9
63 0.50 2 1 9
63 0.75 2 1 8
63 0.75 3 0 0
63 1.00 2 1 6
63 1.50 3 1 8
63 1.75 1 0 0
63 2.50 2 0 0

89
64 0.00 1 2 0
64 0.00 3 1 9
64 0.25 3 0 0
64 0.50 3 1 9
64 1.00 2 1 9
64 1.50 3 1 8
64 1.75 1 0 0
64 1.75 2 0 0
64 3.00 3 0 0

90
65 0.00 1 1 9
65 0.50 1 1 9
65 1.00 1 1 9
65 1.50 2 1 8
65 2.50 2 0 0
65 3.00 1 1 6
65 3.25 1 0 0
65 3.50 2 1 8

91
66 0.00 3 1 9
66 0.50 3 1 9
66 1.00 3 1 9
66 1.50 2 1 8
66 2.25 3 0 0
66 2.75 2 0 0
66 3.00 3 1 6
66 3.60 1 1 8

92
67 0.00 2 1 9
67 0.25 1 0 0
67 0.75 2 1 9
67 1.00 2 1 9
67 1.00 2 0 0
67 1.50 1 1 8
67 2.25 3 0 0
67 2.75 2 0 0

93
68 0.00 3 1 8
68 0.25 1 0 0

94
69 0.00 2 2 0
69 0.75 2 0 0
69 2.00 1 0 0
69 2.00 3 0 0
69 2.50 2 1 8
69 3.00 3 1 6
69 3.50 2 1 4
69 3.50 2 0 0

95
70 0.00 1 1 3
70 0.00 3 0 0
70 1.25 1 0 0
70 1.75 2 0 0

96
71 1.75 3 0 0
71 2.00 1 1 2
71 3.00 1 1 1
71 3.00 2 0 0

97
72 0.00 3 1 8
72 1.00 1 2 0
72 1.25 3 0 0
72 2.00 1 0 0
72 2.50 2 0 0

98
73 0.75 3 0 0
73 2.00 2 0 0
73 2.50 2 1 8
73 3.00 1 1 6
73 3.50 2 1 4
73 3.50 3 0 0

99
74 0.00 1 0 0
74 0.00 3 1 3
74 1.25 2 0 0
74 3.00 1 0 0
74 3.00 3 0 0

100
75 0.00 2 1 2
75 2.00 2 1 8
75 3.00 2 0 0

101
76 0.00 2 2 0
76 0.50 3 1 9
76 0.75 3 1 9
76 1.25 1 1 9
76 1.75 1 1 9
76 2.50 2 1 9

102
77 0.00 3 1 9
77 0.50 2 1 9
77 0.75 3 1 9
77 1.25 2 1 9
77 1.75 3 0 0
77 1.75 1 1 9
77 2.00 3 1 8
77 2.50 1 1 9
77 3.00 2 1 14
77 3.25 1 0 0
77 3.25 2 0 0
77 3.50 2 1 13

103
78 0.00 2 2 0
78 0.00 1 1 9
78 0.60 1 1 9
78 0.75 3 1 9
78 1.25 1 1 9
78 1.75 2 1 9
78 2.00 3 1 10
78 2.50 2 1 9
78 2.50 2 0 0

104
79 0.00 2 1 9
79 0.25 1 0 0
79 0.25 3 0 0
79 0.60 3 1 9
79 0.75 1 1 9
79 1.25 1 1 9
79 1.75 3 1 9
79 2.00 3 1 10
79 2.00 2 0 0
79 2.50 1 1 9
79 3.00 2 1 14
79 3.25 3 0 0
79 3.50 3 1 13
79 3.75 1 0 0